0 J1 3600 128 3691 0 0
465 J2 900 32 3362 0 0
1906 J3 900 512 626 0 0
3571 J4 900 512 647 0 0
4009 J5 3600 128 3039 0 0
4031 J6 300 32 6253 0 0
4346 J7 300 32 2412 0 0
4393 J8 3300 32 986 0 0
4684 J9 1800 512 25 0 0
5705 J10 3600 128 1105 0 0
5872 J11 21600 128 23087 0 0
5999 J12 1800 32 1609 0 0
6063 J13 1800 512 245 0 0
6765 J14 10800 256 8908 0 0
6796 J15 300 64 300 0 0
6955 J16 300 32 48 0 0
7071 J17 300 32 23 0 0
7219 J18 300 32 23 0 0
7307 J19 480 128 441 0 0
7334 J20 300 32 24 0 0
7444 J21 300 32 122 0 0
7452 J22 300 32 54 0 0
7464 J23 300 32 13 0 0
7519 J24 900 32 1936 0 0
7623 J25 300 32 3945 0 0
7633 J26 300 32 33 0 0
7721 J27 300 32 35 0 0
7804 J28 300 32 33 0 0
7935 J29 300 32 26 0 0
8017 J30 900 512 564 0 0
8113 J31 300 32 46 0 0
8130 J32 480 128 185 0 0
8308 J33 300 32 97 0 0
8489 J34 300 32 26 0 0
8619 J35 300 32 25 0 0
8631 J36 900 64 17 0 0
8653 J37 900 32 17 0 0
8675 J38 900 64 2815 0 0
8690 J39 900 32 2797 0 0
8725 J40 300 32 40 0 0
8856 J41 300 32 39 0 0
8980 J42 300 32 45 0 0
9104 J43 300 32 35 0 0
9406 J44 480 128 254 0 0
9488 J45 300 32 49 0 0
9721 J46 300 32 79 0 0
9811 J47 900 512 28 0 0
9830 J48 60 32 28 0 0
10227 J49 3600 128 6450 0 0
10257 J50 300 32 27 0 0
