    1       0 588530    937 306   142 -1 -1 35100 -1 1  97 -1  307 -1 -1 -1 -1
    2  164472 356587     75  17     2 -1 -1   300 -1 1  81 -1  195 -1 -1 -1 -1
    3  197154 459987  35268 306 32792 -1 -1 35100 -1 0  97 -1  307 -1 -1 -1 -1
    4  310448  50431  29493  64 28745 -1 -1 64800 -1 1  38 -1   38 -1 -1 -1 -1
    5  310541  50766  29063  64 28191 -1 -1 64800 -1 1  38 -1   69 -1 -1 -1 -1
    6  310684  56112  33707  64 22371 -1 -1 64800 -1 0  38 -1   41 -1 -1 -1 -1
    7  319091  13074  47451  16 46842 -1 -1 54000 -1 1  41 -1   46 -1 -1 -1 -1
    8  319101  36204  49724  16 49071 -1 -1 54000 -1 1  41 -1   46 -1 -1 -1 -1
    9  324746     11  61578   1 60702 -1 -1 64800 -1 1   5 -1    5 -1 -1 -1 -1
   10  324939      7  54611   1 53960 -1 -1 64800 -1 1   5 -1   88 -1 -1 -1 -1
   11  325845  35568  34208  33 33563 -1 -1 43200 -1 0   3 -1    3 -1 -1 -1 -1
   12  329457      9  50008   1 49336 -1 -1 64800 -1 1  35 -1   36 -1 -1 -1 -1
   13  331348   9578  47467   4 45768 -1 -1 57600 -1 1   6 -1    6 -1 -1 -1 -1
   14  332172  58746    431  32   246 -1 -1 64800 -1 1  60 -1   93 -1 -1 -1 -1
   15  332256  27785  29962  16 29295 -1 -1 64800 -1 1  59 -1   92 -1 -1 -1 -1
   16  340050  50601    563  81     0 -1 -1  3600 -1 0  43 -1   72 -1 -1 -1 -1
   17  340132  20081  35436  16 34828 -1 -1 64800 -1 0  23 -1   40 -1 -1 -1 -1
   18  340486  45656   1759  32  1595 -1 -1  5400 -1 1  31 -1   68 -1 -1 -1 -1
   19  340494  47453   3468  32  1903 -1 -1  5400 -1 1  31 -1   39 -1 -1 -1 -1
   20  345653     12  42198   1 41683 -1 -1 64800 -1 1   5 -1   90 -1 -1 -1 -1
   21  346123     18  43899   1 43120 -1 -1 64800 -1 1   5 -1   20 -1 -1 -1 -1
   22  346477  49835    468  32   347 -1 -1 64800 -1 0   8 -1    8 -1 -1 -1 -1
   23  349115   1312  43116   1 42551 -1 -1 57600 -1 1   7 -1    7 -1 -1 -1 -1
   24  349142   1474  40723   1 40008 -1 -1 57600 -1 1   7 -1    7 -1 -1 -1 -1
   25  355510     16  60130   1 59351 -1 -1 64800 -1 0  12 -1   12 -1 -1 -1 -1
   26  355537    301  55625   1 54947 -1 -1 64800 -1 1  12 -1   12 -1 -1 -1 -1
   27  355579    313  54680   1 53791 -1 -1 64800 -1 1  12 -1   12 -1 -1 -1 -1
   28  355659   2697  57305   1 56537 -1 -1 64800 -1 0  12 -1   12 -1 -1 -1 -1
   29  355748   2696  54919   1 54137 -1 -1 64800 -1 1  12 -1   12 -1 -1 -1 -1
   30  355813   2650  44329   1 43789 -1 -1 64800 -1 0  12 -1   12 -1 -1 -1 -1
   31  360803   8162  17129  24 16710 -1 -1 21600 -1 1  37 -1   37 -1 -1 -1 -1
   32  364635     12   7315   1  6684 -1 -1 64800 -1 1   1 -1   64 -1 -1 -1 -1
   33  364891     12   6906   1  6251 -1 -1 64800 -1 1   1 -1    1 -1 -1 -1 -1
   34  367030  23356     46  10     0 -1 -1 64800 -1 0  19 -1   19 -1 -1 -1 -1
   35  367475  22929     50   7     0 -1 -1 64800 -1 0  19 -1   50 -1 -1 -1 -1
   36  376991     16    330   1   284 -1 -1   300 -1 1   4 -1    4 -1 -1 -1 -1
   37  377108      4    226   1   174 -1 -1   300 -1 1   4 -1    4 -1 -1 -1 -1
   38  377838      5  11850   1 11141 -1 -1 64800 -1 1  55 -1   91 -1 -1 -1 -1
   39  378233   1424    940   5   699 -1 -1   900 -1 0   3 -1    3 -1 -1 -1 -1
   40  378411     13     62   1    21 -1 -1   300 -1 1   4 -1    4 -1 -1 -1 -1
   41  378792     10     75   1    24 -1 -1   900 -1 1   2 -1    2 -1 -1 -1 -1
   42  379805      3  16762   1 16477 -1 -1 64800 -1 1  46 -1   94 -1 -1 -1 -1
   43  380237     11    320   1   274 -1 -1   300 -1 1   4 -1    4 -1 -1 -1 -1
   44  380335     15     78   1    25 -1 -1   900 -1 1   2 -1    2 -1 -1 -1 -1
   45  380710     18     39   1     1 -1 -1   900 -1 1   2 -1   89 -1 -1 -1 -1
   46  380738      7     65   1     1 -1 -1   900 -1 0   2 -1    2 -1 -1 -1 -1
   47  380784     16     71   1    25 -1 -1   900 -1 1   2 -1    2 -1 -1 -1 -1
   48  381192     13     58   5     3 -1 -1   900 -1 1   3 -1    3 -1 -1 -1 -1
   49  381346      3   5108   1  4998 -1 -1 21600 -1 1  42 -1   67 -1 -1 -1 -1
   50  381358      9     61   5     4 -1 -1   900 -1 1   3 -1    3 -1 -1 -1 -1
   51  381721      2    599   5   536 -1 -1   900 -1 1   3 -1    3 -1 -1 -1 -1
   52  382569      8     52   1     6 -1 -1   900 -1 1   2 -1    2 -1 -1 -1 -1
   53  383314     11    335   1   169 -1 -1   300 -1 0   4 -1    4 -1 -1 -1 -1
   54  385806      6     43   1     2 -1 -1 64800 -1 1  36 -1   14 -1 -1 -1 -1
   55  387233     22   2241   1  1937 -1 -1 64800 -1 1  36 -1   14 -1 -1 -1 -1
   56  396176     40     72  26     1 -1 -1   300 -1 1  39 -1   42 -1 -1 -1 -1
   57  397015     16  12937   1 11937 -1 -1 64800 -1 1  36 -1   14 -1 -1 -1 -1
   58  398652   6393   4053  16  3903 -1 -1 43200 -1 1  23 -1   44 -1 -1 -1 -1
   59  399095   5939  19663  15 19313 -1 -1 54000 -1 0  20 -1   21 -1 -1 -1 -1
   60  399422   5637    314  15    95 -1 -1  1800 -1 1  20 -1   70 -1 -1 -1 -1
   61  400484   4595   4930  10  2183 -1 -1 10800 -1 1  44 -1   51 -1 -1 -1 -1
   62  400634   4042   6058   3  5563 -1 -1 10800 -1 1  44 -1   51 -1 -1 -1 -1
   63  400903   4197   9615  16  9418 -1 -1 54000 -1 1  41 -1   46 -1 -1 -1 -1
   64  401262   3431   1117   1  1026 -1 -1  3600 -1 1   9 -1    9 -1 -1 -1 -1
   65  402359   2767   1850 200    72 -1 -1  1800 -1 1  40 -1   43 -1 -1 -1 -1
   66  402444   4590   1685 120    80 -1 -1  1800 -1 0  40 -1   96 -1 -1 -1 -1
   67  403517   1713    649   4   205 -1 -1   600 -1 0  10 -1   10 -1 -1 -1 -1
   68  403675   3404   2017  81  1757 -1 -1  3600 -1 1  43 -1   72 -1 -1 -1 -1
   69  403688   5532   6727 129    17 -1 -1  1080 -1 0  43 -1   48 -1 -1 -1 -1
   70  403691     20    167 100     1 -1 -1  2100 -1 1  39 -1   42 -1 -1 -1 -1
   71  403741    137    313 200     1 -1 -1  2100 -1 1  39 -1   42 -1 -1 -1 -1
   72  404510     18    433 300     1 -1 -1  2100 -1 1  39 -1   42 -1 -1 -1 -1
   73  404957    361   4935   1  4586 -1 -1 64800 -1 1  50 -1   97 -1 -1 -1 -1
   74  404972    362  19370   3 12360 -1 -1 64800 -1 0  24 -1   25 -1 -1 -1 -1
   75  405175    177  19351   1 19037 -1 -1 64800 -1 0  22 -1   23 -1 -1 -1 -1
   76  405614     13   4446   1  3702 -1 -1 64800 -1 1   5 -1    5 -1 -1 -1 -1
   77  405705   2750   4192  16  3275 -1 -1 54000 -1 1  41 -1   46 -1 -1 -1 -1
   78  405892     16  18764   1 18376 -1 -1 64800 -1 0   5 -1   79 -1 -1 -1 -1
   79  405946     14  18743   1 18159 -1 -1 64800 -1 0   5 -1   88 -1 -1 -1 -1
   80  406018     10  18665   1 18010 -1 -1 64800 -1 0   5 -1   90 -1 -1 -1 -1
   81  406103     12  18556   1 17853 -1 -1 64800 -1 0   5 -1   20 -1 -1 -1 -1
   82  406350    702  17029   4 16714 -1 -1 28800 -1 1   5 -1   74 -1 -1 -1 -1
   83  406862    241    647   4   361 -1 -1   600 -1 0  10 -1   10 -1 -1 -1 -1
   84  406983    354    228   7     1 -1 -1 64800 -1 0  19 -1   50 -1 -1 -1 -1
   85  406992   1482    206  10     0 -1 -1 64800 -1 0  19 -1   19 -1 -1 -1 -1
   86  407107     22   3807  16  1733 -1 -1  3600 -1 0  14 -1   14 -1 -1 -1 -1
   87  407357     17   3916  16   903 -1 -1  3600 -1 0  14 -1   14 -1 -1 -1 -1
   88  407607    888   3807  16   366 -1 -1  3600 -1 0  14 -1   14 -1 -1 -1 -1
   89  407723     15   5681   1  4970 -1 -1 10800 -1 1  42 -1   47 -1 -1 -1 -1
   90  407818      9     79   8     1 -1 -1 21600 -1 0  61 -1   95 -1 -1 -1 -1
   91  407881     13    124   4    49 -1 -1   600 -1 1  10 -1   10 -1 -1 -1 -1
   92  408182    335    164  16     0 -1 -1 14400 -1 0  13 -1   59 -1 -1 -1 -1
   93  408220    534   2633  16  2254 -1 -1 14400 -1 1  13 -1   13 -1 -1 -1 -1
   94  408282     13     77   8     0 -1 -1 21600 -1 0  61 -1   95 -1 -1 -1 -1
   95  408325    569    242  16    11 -1 -1 14400 -1 1  13 -1   45 -1 -1 -1 -1
   96  408355     11    417   4   327 -1 -1   600 -1 1  10 -1   10 -1 -1 -1 -1
   97  408517     47  16128   1 15389 -1 -1 64800 -1 0  35 -1   36 -1 -1 -1 -1
   98  408854     57   2541  16  2184 -1 -1 14400 -1 1  13 -1   59 -1 -1 -1 -1
   99  409262     12   1058  10   569 -1 -1   600 -1 0  11 -1   11 -1 -1 -1 -1
  100  409304      5    901  10     0 -1 -1 64800 -1 0  19 -1   19 -1 -1 -1 -1
